 0.00000000000000E+0000   2.20000000000000E+0001
 2.00000000000000E+0000   2.10000000000000E+0001
 4.00000000000000E+0000   2.00000000000000E+0001
 6.00000000000000E+0000   1.90000000000000E+0001
 8.00000000000000E+0000   2.00000000000000E+0001
 1.00000000000000E+0001   2.30000000000000E+0001
 1.20000000000000E+0001   2.70000000000000E+0001
 1.40000000000000E+0001   3.10000000000000E+0001
 1.60000000000000E+0001   3.30000000000000E+0001
 1.80000000000000E+0001   3.20000000000000E+0001
 2.00000000000000E+0001   2.90000000000000E+0001
 2.20000000000000E+0001   2.60000000000000E+0001
 2.40000000000000E+0001   2.40000000000000E+0001
